<number of tasks>
47
<cycle time>
104
<task times>
1 16
2 32
3 4
4 4
5 4
6 6
7 10
8 16
9 5
10 32
11 4
12 6
13 8
14 2
15 24
16 7
17 32
18 6
19 4
20 16
21 4
22 4
23 32
24 32
25 16
26 88
27 8
28 32
29 6
30 8
31 4
32 104
33 18
34 4
35 8
36 8
37 72
38 8
39 72
40 10
41 16
42 4
43 16
44 4
45 32
46 4
47 4
<task directions>
1 E
2 L
3 E
4 R
5 L
6 R
7 E
8 E
9 E
10 E
11 L
12 E
13 L
14 E
15 E
16 R
17 E
18 L
19 E
20 R
21 E
22 E
23 R
24 E
25 L
26 E
27 R
28 E
29 E
30 R
31 L
32 E
33 R
34 E
35 E
36 E
37 L
38 E
39 E
40 E
41 R
42 E
43 R
44 E
45 E
46 E
47 E
<precedence relations>
1 2 1
1 32 1
2 3 1
2 4 1
5 6 1
5 32 1
8 9 1
8 10 1
9 11 1
9 32 1
10 11 1
10 12 1
13 14 1
14 19 1
15 16 1
16 17 1
17 18 1
18 20 1
18 22 1
18 32 1
18 47 1
19 26 1
20 21 1
22 23 1
22 24 1
23 25 1
24 25 1
26 27 1
27 28 1
28 29 1
29 30 1
30 31 1
32 33 1
33 34 1
33 35 1
34 36 1
35 36 1
36 37 1
36 43 1
37 38 1
38 39 1
39 40 1
40 41 1
41 42 1
43 44 1
44 45 1
45 46 1
<end>
