<number of tasks>
22
<cycle time>
40
<task times>
1 10
2 6
3 12
4 17
5 9
6 19
7 9
8 15
9 6
10 11
11 1
12 19
13 12
14 6
15 4
16 17
17 10
18 6
19 16
20 7
21 14
22 19
<task directions>
1 E
2 E
3 L
4 E
5 E
6 E
7 L
8 E
9 R
10 E
11 L
12 L
13 E
14 E
15 E
16 R
17 E
18 E
19 R
20 E
21 E
22 L
<precedence relations>
1 2 1
1 3 1
2 11 1
2 12 1
2 22 2
3 4 1
4 16 2
4 22 2
5 8 1
5 9 1
6 10 2
6 17 2
7 13 1
7 14 1
7 15 2
8 10 2
9 15 2
9 18 2
10 15 2
11 16 2
12 20 1
12 21 2
13 17 2
14 18 2
15 19 1
16 21 2
22 5 1
22 6 1
22 7 1
<end>
