<number of tasks>
25
<cycle time>
27
<task times>
1 3
2 2
3 3
4 10
5 10
6 15
7 15
8 15
9 15
10 2
11 2
12 2
13 2
14 2
15 2
16 2
17 2
18 3
19 18
20 5
21 1
22 5
23 15
24 2
25 2
<task directions>
1 R
2 E
3 E
4 E
5 L
6 E
7 E
8 L
9 R
10 E
11 R
12 E
13 E
14 E
15 R
16 E
17 E
18 E
19 E
20 R
21 L
22 E
23 E
24 E
25 L
<precedence relations>
1 3 1
2 3 1
2 6 1
2 7 1
2 8 1
3 9 1
4 10 1
5 10 1
6 13 1
6 14 1
6 15 1
6 16 1
7 13 1
7 14 1
7 15 1
7 16 1
8 13 1
8 14 1
8 15 1
8 16 1
9 13 1
9 14 1
9 15 1
9 16 1
10 11 1
11 12 1
13 17 2
13 19 2
14 17 2
14 19 2
15 18 1
16 19 2
16 23 2
17 20 1
17 21 1
18 19 2
19 24 1
21 22 1
21 25 1
22 23 2
23 24 1
<end>
