<number of tasks>
47
<cycle time>
128
<task times>
1 18
2 36
3 9
4 6
5 9
6 8
7 12
8 20
9 6
10 36
11 9
12 8
13 10
14 3
15 28
16 9
17 36
18 8
19 9
20 20
21 9
22 9
23 36
24 36
25 20
26 100
27 10
28 36
29 11
30 10
31 9
32 110
33 22
34 6
35 10
36 12
37 84
38 10
39 84
40 12
41 20
42 9
43 20
44 9
45 36
46 6
47 9
<task directions>
1 E
2 L
3 E
4 R
5 L
6 R
7 E
8 E
9 E
10 E
11 L
12 E
13 L
14 E
15 E
16 R
17 E
18 L
19 E
20 R
21 E
22 E
23 R
24 E
25 L
26 E
27 R
28 E
29 E
30 R
31 L
32 E
33 R
34 E
35 E
36 E
37 L
38 E
39 E
40 E
41 R
42 E
43 R
44 E
45 E
46 E
47 E
<precedence relations>
1 2 1
1 3 1
2 4 1
3 11 1
3 12 1
3 31 2
4 5 2
4 31 2
5 32 2
5 35 1
6 7 1
6 17 1
7 34 2
8 9 1
9 10 2
11 5 2
12 13 1
12 14 1
12 15 1
13 32 2
14 19 1
14 22 1
15 20 1
15 21 1
16 33 2
17 29 2
18 30 2
19 25 2
20 26 1
20 27 1
21 25 2
22 33 2
23 34 2
24 28 2
25 28 2
26 28 2
27 29 2
28 30 2
29 30 2
30 10 2
32 6 1
32 16 1
33 23 1
33 24 1
34 8 1
34 18 1
35 36 1
35 37 1
35 38 1
36 39 1
36 40 1
37 41 2
37 45 2
38 42 1
38 43 1
38 44 2
39 41 2
40 44 2
40 46 2
41 44 2
42 7 1
42 45 2
43 46 2
44 47 1
45 10 1
<end>
