<number of tasks>
47
<cycle time>
117
<task times>
1 16
2 32
3 4
4 4
5 4
6 6
7 10
8 16
9 5
10 32
11 4
12 6
13 8
14 2
15 24
16 7
17 32
18 6
19 4
20 16
21 4
22 4
23 32
24 32
25 16
26 88
27 8
28 32
29 6
30 8
31 4
32 104
33 18
34 4
35 8
36 8
37 72
38 8
39 72
40 10
41 16
42 4
43 16
44 4
45 32
46 4
47 4
<task directions>
1 E
2 L
3 E
4 R
5 L
6 R
7 E
8 E
9 E
10 E
11 L
12 E
13 L
14 E
15 E
16 R
17 E
18 L
19 E
20 R
21 E
22 E
23 R
24 E
25 L
26 E
27 R
28 E
29 E
30 R
31 L
32 E
33 R
34 E
35 E
36 E
37 L
38 E
39 E
40 E
41 R
42 E
43 R
44 E
45 E
46 E
47 E
<precedence relations>
1 2 1
1 3 1
2 4 1
3 11 1
3 12 1
3 31 2
4 5 2
4 31 2
5 32 2
5 35 1
6 7 1
6 17 1
7 34 2
8 9 1
9 10 2
11 5 2
12 13 1
12 14 1
12 15 1
13 32 2
14 19 1
14 22 1
15 20 1
15 21 1
16 33 2
17 29 2
18 30 2
19 25 2
20 26 1
20 27 1
21 25 2
22 33 2
23 34 2
24 28 2
25 28 2
26 28 2
27 29 2
28 30 2
29 30 2
30 10 2
32 6 1
32 16 1
33 23 1
33 24 1
34 8 1
34 18 1
35 36 1
35 37 1
35 38 1
36 39 1
36 40 1
37 41 2
37 45 2
38 42 1
38 43 1
38 44 2
39 41 2
40 44 2
40 46 2
41 44 2
42 7 1
42 45 2
43 46 2
44 47 1
45 10 1
<end>
